30070	103.0
30113	103.0
30135	103.0
30140	103.0
30146	103.0
30155	103.0
30157	103.0
30285	103.0
30333	103.0
30397	103.0
30423	103.0
30434	103.0
30436	103.0
30469	103.0
30476	103.0
30559	103.0
30562	103.0
30599	103.0
30627	103.0
30647	103.0
30685	103.0
30713	103.0
30728	103.0
30731	103.0
30739	103.0
30779	103.0
30849	103.0
30852	103.0
30894	103.0
30913	103.0
30928	103.0
30977	103.0
30980	103.0
31013	103.0
31057	103.0
31066	103.0
31097	103.0
31123	103.0
31136	103.0
31150	103.0
31295	103.0
31453	103.0
31471	103.0
31503	103.0
31525	103.0
31587	103.0
31617	103.0
31624	103.0
31637	103.0
31648	103.0
31695	103.0
31703	103.0
31714	103.0
31721	103.0
31778	103.0
31871	103.0
31884	103.0
31895	103.0
31905	103.0
31921	103.0
32012	103.0
32016	103.0
32070	103.0
32177	103.0
32265	103.0
32320	103.0
32335	103.0
32337	103.0
32441	103.0
32467	103.0
32474	103.0
32511	103.0
32519	103.0
32575	103.0
32896	103.0
32898	103.0
32951	103.0
32982	103.0
33044	103.0
33105	103.0
33127	103.0
33158	103.0
33192	103.0
33198	103.0
33244	103.0
33264	103.0
33277	103.0
33316	103.0
33367	103.0
33459	103.0
33486	103.0
33495	103.0
33570	103.0
33785	103.0
33792	103.0
33851	103.0
33873	103.0
33970	103.0
34025	103.0
34027	103.0
34100	103.0
34108	103.0
34113	103.0
34236	103.0
34252	103.0
34254	103.0
34256	103.0
34489	103.0
34492	103.0
34520	103.0
34524	103.0
34588	103.0
34614	103.0
34674	103.0
34685	103.0
34689	103.0
34696	103.0
34711	103.0
34922	103.0
34960	103.0
34986	103.0
35048	103.0
35165	103.0
35323	103.0
35356	103.0
35389	103.0
35411	103.0
35497	103.0
35550	103.0
