10136	0.30000004
10141	0.29999998
10158	0.30000007
10165	0.3
10170	0.3
10185	0.30000004
10208	0.30000004
10257	0.29999998
10268	0.3
10279	0.30000004
10299	0.29999968
10372	0.29999995
10408	0.30000004
10431	0.30000004
10529	0.29999962
10561	0.30000004
10620	0.30000004
10631	0.29999998
10666	0.3
10693	0.3000011
10721	0.30000114
10732	0.29999998
10747	0.30000004
10754	0.29999998
10781	0.29999995
10785	0.30000004
10792	0.29999968
10800	0.29999962
10868	0.3000001
10918	0.3
10930	0.29999998
10990	0.30000004
10994	0.29999974
11003	0.29999992
11041	0.30000004
11049	0.30000004
11067	0.30000004
11076	0.29999998
11092	0.3
11111	0.29999998
11122	0.3
11140	0.3000001
11146	0.29999998
11193	0.29999962
11203	0.29999998
11252	0.29999998
11267	0.2999998
11274	0.29999998
11278	0.30000177
11292	0.29999545
11298	0.2999939
11308	0.29999998
11315	0.29999998
11337	0.29999998
11423	0.29999974
11447	0.3
11481	0.30000007
11537	0.3
11540	0.29999974
11577	0.29999998
11603	0.30000007
11612	0.30000007
11618	0.30000174
11630	0.3
11638	0.29999992
11641	0.3
11775	0.29999998
11823	0.30000007
11865	0.29999998
11867	0.29999998
11898	0.3
11953	0.30000004
11973	0.3000001
11977	0.3000001
11980	0.29999998
11982	0.3000001
11986	0.29999968
11995	0.2999999
12129	0.29999998
12156	0.29999998
12206	0.30000007
12217	0.3000001
12255	0.3
12264	0.3000011
12266	0.29999685
12280	0.30000004
12323	0.29999998
12343	0.29999998
12389	0.30000004
12402	0.3000001
12448	0.29999995
12451	0.29999962
12523	0.30000004
12758	0.29999974
12819	0.30000004
12884	0.3
12888	0.29999998
12891	0.29999998
12945	0.3000001
12954	0.29999974
12992	0.29999974
13029	0.30000004
13061	0.30000004
13076	0.29999998
13184	0.3
13230	0.30000007
13232	0.30000177
13241	0.29999998
13256	0.3000001
13290	0.3
13296	0.3000001
13342	0.30000013
13344	0.3
13360	0.29999998
13377	0.30000004
13388	0.3
13476	0.30000007
13485	0.29999983
13487	0.300001
13502	0.30000004
13577	0.30000004
13795	0.29999998
13830	0.29999962
13931	0.29999974
13933	0.29999998
13964	0.3
14006	0.29999998
14057	0.3000011
14107	0.29999658
14109	0.3
14150	0.3
14222	0.3
14262	0.2999997
14288	0.29999998
14307	0.29999974
14321	0.30000004
14457	0.30000004
14543	0.29999998
14570	0.29999968
14574	0.29999998
14576	0.2999999
14633	0.30000004
14635	0.3000006
14679	0.30000177
14709	0.29999998
14730	0.29999974
14747	0.3000012
14783	0.3
14794	0.29999998
14828	0.29999998
14831	0.30000106
14842	0.29999998
14893	0.30000073
14905	0.3
14952	0.29999998
15016	0.3000011
15027	0.29999998
15041	0.29999998
15070	0.29999998
15096	0.3000001
15249	0.30000007
15304	0.30000177
15380	0.3
15401	0.29999998
15412	0.3
15582	0.29999998
15607	0.29999998
15841	0.3
15919	0.2999998
15991	0.29999998
